pick 0.8 0.1 0.05 0.7 0.3 0.15 0.45 0.65 0.2 0.1
place 0.6 0.3 0.15 0.9 0.4 0.2 0.5 0.7 0.1 0.05
moveto 0.4 0.5 0.6 0.8 0.35 0.45 0.55 0.75 0.25 0.15
pour 0.7 0.2 0.1 0.6 0.5 0.25 0.3 0.55 0.4 0.2
pickup 0.79 0.11 0.06 0.69 0.32 0.16 0.47 0.63 0.21 0.12
grab 0.81 0.13 0.08 0.72 0.34 0.18 0.48 0.64 0.23 0.11
gather 0.78 0.14 0.07 0.70 0.33 0.19 0.46 0.62 0.22 0.13
take 0.80 0.12 0.09 0.71 0.35 0.17 0.49 0.65 0.20 0.14
collect 0.77 0.15 0.10 0.69 0.31 0.20 0.44 0.61 0.24 0.13
fetch 0.78 0.12 0.09 0.67 0.34 0.19 0.46 0.64 0.23 0.14
place 0.61 0.29 0.17 0.88 0.41 0.21 0.50 0.69 0.15 0.09
put 0.60 0.30 0.18 0.87 0.42 0.22 0.51 0.70 0.14 0.08
set 0.62 0.28 0.16 0.85 0.40 0.23 0.52 0.68 0.13 0.07
deposit 0.63 0.27 0.15 0.86 0.43 0.20 0.53 0.67 0.12 0.06
position 0.59 0.31 0.19 0.89 0.44 0.24 0.51 0.66 0.16 0.10
lay 0.64 0.26 0.14 0.84 0.41 0.25 0.54 0.71 0.11 0.05
moveto 0.42 0.50 0.60 0.79 0.39 0.45 0.57 0.70 0.27 0.16
go to 0.44 0.48 0.62 0.78 0.38 0.47 0.56 0.72 0.29 0.18
approach 0.41 0.49 0.59 0.77 0.37 0.46 0.55 0.68 0.28 0.15
advance 0.43 0.51 0.61 0.80 0.40 0.44 0.58 0.73 0.26 0.17
head to 0.45 0.47 0.63 0.76 0.36 0.48 0.59 0.71 0.25 0.19
navigate 0.46 0.52 0.64 0.81 0.35 0.49 0.60 0.74 0.30 0.14
pour 0.71 0.22 0.11 0.60 0.50 0.28 0.34 0.55 0.41 0.25
dispense 0.69 0.24 0.12 0.59 0.51 0.29 0.36 0.54 0.40 0.23
decant 0.72 0.23 0.10 0.61 0.49 0.27 0.33 0.53 0.42 0.26
empty 0.68 0.25 0.13 0.62 0.48 0.30 0.35 0.56 0.43 0.24
drain 0.73 0.20 0.15 0.63 0.47 0.31 0.38 0.58 0.44 0.21
